604 INDEX 11116711 87 7338011711

mnero 638, 3

10011111. uuo 0101111010 011111,

11111, mulabus 48, 8. 82, 17. Nolanos 11010100 36, 13 13. 636, 31

434, 8. 646, 17
110101033013
municeps 4304
1011110116, 36
110110 moerus 113, 13
musica 631, 34
musivum munium muaenm
137, 37. 133, 10
1110110308
1111100604. 330, 3. 331, 31.

1010333,16.437,18.101010 participiis aimilia 33, ll

nollens 143, 6. 133,3 · 33, 30. 116, 31. 116,1.

10110161, 36. 333, 3. too, 14013. 313, 31 14 374,

4. 373, 1. 406, 13. 406, 31. 13. 333, 13. 430, tuln
4301. 433, 3 483, 30. 30. 441, 3. 437, 33. 614
636, 33. 610 adverbio 386801666014
336, 33 333, 30. 438, 31. 6001003706.430.18
433, 1. 443, 33. nomina 6000106110037033 117,
ad aliquid 374, 8. 430, 30. 7. 63036

636, 33. 663, 3 61110110 0111010101113,

433, 33. 477, 13. 630, ,16 ad aliquid 6001110100 110- 3. 136, 33. 313. 38 676

Muthul 3, 30

mutua 11111110 300, 13
11000100 136, 33
myotaoiamne 333, 1. 446, 8
myrta murto 133, 7

Ν 610 l potitum 137, 34. 1
001 m 160, 7. ante 0 011111-
tum 137, 36. 138, 8; 31.
011100 011100111 138, 3. 1
linita nomina Latina 3, 6.
1110000013

Nais Naias 13, 36

1011, 144, 33

1061111100 11610033, 33. 33,
4. 30, 13

101 appellativum 1001011677,
61. 10100 16, 31. 136, 33

Nar proprium 11001001 16, 38

1011100 21, 33

nasius nasum 313, 10

natu 430, 6. 64013

nave naviter 211, 1

1001040031

Naxos 31‚9

ne adverbium et ooninnetio
146, 16348, 1. 361, 10

10 1110100600οω 437, 7

10010 neenec 133, 14

neoto 33, 34. 40, 7

1010033, 3. 366, 11. 663, 34

10600 36, 31. 30, 33. 130,
13. 638, 10. 663, 16

neptis 33, 33. 30, 33. 663,
13. 10611010 133, 1

Neptunalia 136, 3

nequam 4306

Nerion Nerine 373, 37

1000101111 199, 16

101101436, 38. 6408. 647,
13. nentrum neutrale 301,

10103036

nigro 363, 7

110 linita nomina 134, 17.
303, 33. 638, 34

niteo 261, 36

11101361, 36. 673, 6

nix 60, 3

10100186.3

10111110 202, 13

hemia 374, 3. 430, 33. 30. 434, 36. 6001001160
633, 8 10110, 1110110010 ingania
adiectionis 130, 1. 0111001100 120, 18. 077, 2
374, 4. 430, 13 polyonyma 373, 33. int. 1.
11010110 636, 33 637, 37
0660110110061, 33. 113, 30. possessiva 374, 1. 637, 31
37011. 406, 33. 433, 16. primun positionis 373, 11.
636, 36. 63030 433, 17. 636, 33
061010 118. 31. 136, 31. 61111110000130,4
377, 36. 433, 34. 641, 1 6106106036. noan tt.
01111111110113,36. 001 ap· 373. 8. 406, 33. 433. 3.
6011011011 430, 14; 37 430, 14; 37. 636, 36610.
conposita 63, 34. 314, 33. 2
366, 30. 377, 3. 408, 30. qualitatis 67, 30. 3704.
406, 33. 433, 16. 400, 13 430, 16. 431, 34
0101100373, 33 simplicia 377, 3. iffi· 9]-
1101111111νο 30, 37. 74,1. 434. 34. singularia 1111111
373, 14. 373, 7. 433, 31. - numeri 14, 3. 118, 3. tto
433, 14. 633, 34. 1110110011 36. positione singularia
conparativa 374, 33. qnasi intellectu pluralia 130, 17.
deminution 636, 34 376, 33. 433. 30.
(101101110073, 36. 373, 13. specialia 113, 38. 374,11-
433, 18. 636, 33 430, 36. 636. 3363013
epicoena 13040. 061000101 synonyma 130, 6. 373 22
genus 433, 36. 637, 37
epitheta 374, 4, 0. 1011111 τῶν uode 01 11034
0111001100 reio πρός τί 1100160014
10010 110 001110 63014. o. 11037
10111110 verbalia verbalia 374. 13. 433. 36
10010 significantia 636, 37 verbis similia 374, 13. 410.
666016116167601631461. 10171211οι1ου0 610 0110011004,
430, 33. 636. 38. 633, 13 16. 103, 17. 438. 18. 611-
6011103746. 43017 ralis tertiae declinationis
10000 373, 13. 433, 36. 11 aet ia 36, 36. 307, 37.
636, 30. 637. 3. 638. 6 308. 33
homonyma 13011. 37031. Nonae 136, ’36
43036. 687, 37. 63010 1000111133, 16
1100160101ἰο 113, 33. 373, nostras 3801. 436, 31. nn
13. 406, 33. 433, 13. 430, 011110064734
13 notnm 683, 74
10611001611000110110374,3 10110360, 16
1101111ὶο 311. 3. 373, 3 noverea novumn 133, 34
11011061010118,13. 13033. 1001437, 3. 661, 33. abab
640, 11. 641, 34. 644. 33. 667, 6
1001037030. 43031. 637. novilis 303, 13
..11111011101100 ’11371141ᾞῖ165ῃῶ
31 ne 111111 vinnaina 6, 13. 373

 

