'el-g. Aen. vu 41 236, 8. 239, 18

96 219, 24. 2402

98 233, 25

116 247, 44. 4403
128 2203223017

133 4009
142 227, 15
147 4009
148 230, 31
178 259, 21
200 2343
226 230, 21
244 259, 25
260 234, 37
277 209, 23

283 155, 8. 517, 26. 564,

’293 210, 27
’ 304 23219
324 2202
331 220, 30

357 249, 28. 251,1

360 233,1
363 402, 33
378 21032
380 135, 24
383 26020
390 25213

393 385, 26. 393, 20. 423,
21. 433, 1. 446, 23.

563, 23
410 256, 31
415 223, 21
426 53015
423 252, 31

452 222, 36. 232, 13

464 263, 24
481 2609
501 3010
513 262, 30
517 15,30
535 254,4
547 251, 26
573 210, 23
586 225, 32

589 226, 2. 230, 25

601 226, 24
608 253, 26
326 38, 22
635 226, 24

633 25014 ’

444 444
444 4444
444 444, 44
444 444, 44
808 283‚⁶

vn11 444, 44

7 222, 14. 403, 13

18 234, 3
69 25027

77 4,16. 438, 20
83 372, 8. 418, 16

97 224, 3
113 527, 8

611ΛΜΜΑΤ. LAT. 1111.

INDEX SCRIPTORVM

Verg.Aen.Vlll 127 2501

154 4401

168 54024·

185 214,3

207 1203

220 231, 13

223 539, 22

233 209, 20

253 254, 29

274 239, 27

284 128, 27

299 22023. 227,3

334 251,8

338 5135

344 9,19.228,18

347 559, 21

351 226, 28

360 1611*

369 479, 27

373 396, 21

402 52014

404 52016

406 44718

409 247

426 306

427 224, 25

429 12,8

436 307

466 225, 6; 22

470 2502

472 255,6

478 246, 31

489 4405

521 225, 18

540 229, 28 ’

560 4402651013

576 245, 18. 261, 25

616 390, 30

630 2633

668 223, 21

677 241, 21; 30. 392, 17.
505, 34

680 365, 31. 330, 28

688 256, 13. 562, 23

705 226, 22

IX 1 263, 29. 396, 25

2 223, 7

6 229, 26

11 237, 5

18 229, 29

26 263, 22; 24. 548, 3
36 535, 16

38 247,26.258,10.559,4
47 372, 4

“ 89 236, 5

110 227,11

153 255, 21

184 262,2

210 261, 17

321 559, 24

325 123, 25. 542,3
326 478, 28

347 246, 30

358 130,6.209,27.541,27

38

 

