130118611191011111.

·-·-—-—.

Afranius 5555 255, 24
Alexandri Magni 51515115 557, 25
Ammonius 531, 18
Apuleius 565, 2
Aquila 19, 32
Aristarchus 529, 7. 531, 18
Aristoteles 487, 25
111515151151405, 9. 428, 11. 489, 22
artis latores 48, 36. 50, 21. 56, 21. 133, 11.
137,13 , ,
Athenodorus 529, 4. 530, 15 42, 28
8,22 42, 29. 419,7
Bibaculus 29, 12 26, 67 513,17
45,115 18, 24
caesar 50, 22 111 15 frumentaria 9, 23 60,7
cuvus in Iu 226, 8. 234, 32 1111345 43315
Caper 496,8 IV 12,28 43513
51.611544222150118151551502, 17 17137 43313
6515 grammaticus 29, 12 V 45, 117 518,10
cicero, M. Tunius 13, 32. 23, 25. 33, 23. pro cluentio 28. 76 212, 24
36, 25. 40, 19;25. 41, 3342, 11. 43, 6. 15 051111551511,1 484,32
149,13. 182,1. 186, 25. 211, 23. 248, 4, 9 29, 32. 510,10.
14. 419, 34. 511, 29 558, 22
15 Arato 223, 27 . 8,19 442, 15. 517, 22
145515. 27 223, 31 113,5 124,22
rhetor. adHerenn. lv, 4,7 435, 13 4,7 53314
15 oratore 67, 224 211,34 1336 141, 36. 136,1
de oratore 11 69, 273 214,33 6,13 20,6
oratione secunda pru Cornelio 212, 3 pro 831115 8, 19 19, 17. 30, 27
pru Sexto Roscio 2,6 212,22 pro Deiotaro 11, 31 510,11
7,18 431,30 15 Caesarianis pro Deiot. 15, 41 27,18
divinat. in Caecilium 1,1 42, 30 15 Philippicis 11 30, 75 416,12. 511, 13
3,9 42, 25 denatura deorum 11 57, 143 212,12
4,14 41,1 0555513555 1161111Ι
5,19 42, 31 comoediognphi 3317
τζ25 5ζ 21 555555 Olympius 33125
8, 26 41, 1 Dionysius Thrax 529, 7
9, 27 42, 92 Donatus 405, 10. 408, 37. 419, 25. 431, 14.
12, 37 42, 33 435, 27. 439, 4. 441, 25. 446, 20. 449, 6.
13, 41 42, 33 476, 6. 481, 12. 486, 8. 496, 26. 51313.
15, 48 43, 1 521, 21. 552, 92
16,50 43,2
16, 51 41, 25 Ennius 263, 12. 401, 16. 665, 10; 12; 21.
20, 64 43, 3 15 malibus 401, 1⁷⁸. 221, 11. 369, 2.
20, 65 43, 4 394, 1; 8. 996, 19. 398, 19; 21; 23. 491,

 

