692

INBEX 6661270111οΙ

Verg.1en.1V 676 221, 34. 268, 28

682 263, 10
693 2222
696 26214
Vl 260,9
8 39222
13 247, 30. 6626
79 213, 19
122 628,16
123 6362
139 24626
162 80, 32
163 239, 18

’ 'mam

womm

mem
w4mem
ιωωωῡ
m4mw
wlmmem

298 224. 19. 626, 24 .

M4mm
ae1mm
auaem
w1mm
M2Q8
wzmw

mm

mm
wvma

Qu

· 460 627,1

604 260, 6; 23
646 20,4
647 626, 29
689 267, 20
646 223, 22
646 223,14
663 267, 27, 420, 9. 443,6
687 263. 32
720 263.17
736 628, 23
744 16,7
768 225, 36
783 210,19
822 493,17
841 497, 34

VI 20 227, 33

62 22618

63 228, 27

66 221. 20. 258, 24
72 2321624616
112 2326

116 262, 25

120 21, 24

121 227, 12

142 294, 30

164 2229

169 2323

166 228. 31

179 366, 31. 390, 27 ’
202 626, 29

203 391, 2. 618, 20

7613442171 219 184, 4

248 642, 23

266 226, 23

266 226, 16

270 564, 20

304 374, 32

333 246, 23

343 232, 21. 236, 14
376 263, 30

413 213, 23

419 261, 23

426 228,11

432 226, 17

439 247,9

487 26224

496 249, 6. 260, 33
497 16, 33

614 26212

624 264, 33

532 2623

639 236, 31. 237. 21
642 164, 35. 246, 28. 668,
660 2636

687 228, 32

697 123, 38

608 233, 29

614 244, 24

616 2326

620 263,8

668 2549

669 239, 27

670 26221. 484, 10
672 236,10

677 3723

686 13, 9. 491, 28
687 2628

692 233. 27

720 24212

724 399,1

736 2426

746 210, 22

747 263, 28

773 259,13

788 664, 24⁸

789 63817

792 224, 36. 268, 30. 369,
793 616, 29

798 266, 33

803 263, 29. 396, 21
812 16,1

818 236. 26

827 241, 20

638 3721

842 220, 21

844 249, 22

871 248. 24. 260, 29
874 226, 28

882 186,3

887 5228

896 261, 29

898 246. 24. 2485

VH 1 146, 28. 23234261, 18

 

