lNDEX SCRIPTORVM

Verg. georg. 1 246 2328 Verg. georg. 111 143 254, 20

312 24232 150 24525
409 2424 184 2122524233
415 247, 16 540, 24*
428 24234 186 24219
437 2526 201 2426
442 51219 212 25228
457 2423 213 55229
478 562, 24 223 4323
482 42516 245 8227
509 26232 325 246, 7. 410, 18
26226 428, 22
257,10 381 4021556520
24218 386 238, 21
222, 86 · 389 4551
5528 406 2526
25212 435 25211
25216 442 221,2
254, 26 484 247, 15
260, 30 492 542, 21
227, 28 499 24212
261, 26 514 25219
2229 548 454, 33
2222. 2528 556 251,9
2221 102 22518
121 36 26210
26223 81 6, 17.21,25
24210 88 261,7
23221 125 236, 52527
229, 31 138 220,3
22234 185 2426
26210 260 2425
407, 6. 490, 18 279 2357
5423 293 510, 27. 517, 29
233, 20 310 2218
180 257, 31 312 2423
204 233, 18 318 23218. 4958
211, 22 358 23214
243 224, 35 ’ 387 256, 28
26224 398 25518
293 25228 408 8227
297 24518 · 420 26211
299 478, 29 437 23217
601 23524 463 22513
338 2326 467 263, 34
365 25210 480 2429
395 24524 486 2627
410 23231 508 230, 25
420 254,5 566 237, 36
438 26223 Aeneidos 11 41, 10. 42516. 480,
451 51210 · 2. 485, 6, 5854
488 2523. 2 25218. 39213. 396,
486. 24233 14. 444, 18. 51234
536 39211 3 264, 12. 386, 29
542 401, 27 6 25228
1111 22222321 8 4521
42 236, 4. 247, 24 10 253, 23
53 2552539215 16 233, 6. 259, 8. 397,
64 2218 2455210
73 25231 19 24228 .
89 22217 24 418, 8. 517, 21
84 22214 30 22208821144218
115 21226 37 1451738512
135 4022 39 25220

 

