11101111 SCRIPTORVM

96. 479, 91

666 96411

686 91615

696 968, 19

699 950, 90

707 969. 96

795 949, 90. 964, 18

768 14510

774 959. 10444, 95

781 969,4

785 947, 16. 567, 90

1119 694, 10. 497, 65. 5644
99410
59816
948, 19. 479, 99
658127
185, 95
95910
956,9
99816

91 957,16

106 6468

195 am

197 961,9

149 995, 97

146 94696

147 56516

186 96614

909 95,19

911 96811. 669109. 400,
91. 494, 60. 479, 16

919 957.15

995 955, 6’

996 91,4

968 mmo

968 96019

970 669. 12⁸. 496, 6. 495,
6. 47994

971 996. 90

999 997, 65

996 999, 16

997 996, 16

619 994, 64

696 911,18

646 66696

664 966, 966484

669 697, 16

689 966, 91

684 149, 69

689 149,16

699 165,1.568,16

409 96966

444 565,96

447 96611

464 494, 97. 479, 16

466 597,9

489 146, 94

499 198, 1.667, 19

496 9644

608 106, 66

517 959,17

697 665, 61. 690, 98

669 868

Verg. Aen. 11 664 991,1.669,11*.494, νει-6946111651 95966

mmm
awmffl
m2w
mem
fflvmmmffim
mmm
momw
w mfflfflmmmz
mamam
mfflw
mmm
m1ws
fflaem
fflbmm
emm&
mum
mlm
mwm

’ mam&

22 ⁰ 424.36
52mw
w1w6
mmm
w Qu
mmm
mmm
m1m
w2mw
mmm
mmm
ἳῃωμωη
2wmffl
w2w
mum
mam
m2w⁶
wmm
mum
mam
ss9mmmw
wlmw
mlw
400 14494. 55⁸„ 19
namu
4aemfflmm
mmmmss
mffiw
ae4mwmae
aevmw
mum
m2m5
mww
bffimm
&emamamss
mmm
awmffimaeffl
mmm
mamm
amm&
oaemae
maem ·
mum
oelmwffiw

 

