586 INDEX scamonii!

26. 5422 563, 15; 20 564,1. ιιι primo Lucanus 2213
annalium 221 1616112666 332 25 Pium-iai. 16 22216
Ephorus 531. 12 15 22420
1166566666 531 21 13 27, 21
Eratosthene· 530, 24 72 1210
Euripidis Medea 420 22 {gg Ξ7,.ξὲ2224
23,
Fabianus Papirius 66666666 naturalium 203 484 mm
2154210* 537 · 26214
604 22226
6166666666166530,13. 521,13 11736 26ὲ, 12
Hermocraten 530, 16. 53220 147 2425
Homerus 5421 221 53213
Horatius 25, 17. 25225. 436, 15. 263 22694
285 220,25
523 2628
582 26212
715 22213
111215 2223
227 2232
277 22221
252 2223
, 585 49233
3214 226 111214 5527
36, 23 23, 23 1131 23236
, 1123 135, 23 228 2421
432, 24 274 242, 22
13, 23 2227 ⁴ 520 222
111 1,17 41230 1111188 47213
210 20225* lucilius 10 32*. 67, 31. 123, 33. 206, 25*
223 43216 20210. 212, 10*. 241, 23. 401, 11*.
epod. 222 228 44213. 542,5;12;23. 56215
1217 225 1666116610, 31. 20225. 21210
1248 43220 182 26234
salini 5, 46 20213 186 26213. 33214
66161611 2, 53 135, 20 837. 860 221
27 43223 11476 43227
15, 17 51213 586 13, 22. 321
16 arte poet.. 65 45232 1037 431, 33
100 4121 111265 13, 22. 31,1
133 226 16 sexto libro de rerum 6616161136
238 431, 21 22223
350 242, 36 1116 25210
, 377 2223 Lycophron 5402
praeterea primi vemas caminum, quae
suntin quattuor libm emim et i„ Marius(i)causarum 6616661166542, 16
libro 6663626661ρῆ smne i„ libello ae 1061ιὶ611626, 24
metn’e Horatianisp. 472 sqq epiqr. 165 20, 30
1111210 24, 32
Incertus poeta 363,10*. 334, 5. 13 401, 51322312 211, 28
17. 402, 7. 423, 3. 424, 30. 473, 15, 23.
50212. 564,8, 26661661661616156116553,28
incertus scriptor 130, 24. 335, 8
isocrates ιιι Demon. §14 5526 Ovidius 5622
Iulius Valerius 111 54 55225* heroid. 15, 12 3213
1661166618 565,24 amor. 1 2, 33 524, 10
luvenalis 6613. 23 524,6 metamorph. 11716 434. 26
2254 51417 11173 26214
12135 434, 28 111102 48213
12136 43213 1111715 3217

Laevius 441, 3* Pacuvius 501 ³8⁸. 537, 17*. 563, 16
uvius (7) 3328 Paiaemon 561, 3*

 

