lnnnx RERVM ET VERBORVM

traho 38. 35. 185. 5

transeo 35. 10

tribula uiblu 199, 9

tribus 434, 31

Tricennalia 196, 10

triclinium 1111111111 138, 27

1113113 11131113 198, 3

11111311111376, 23

triumphatus 515, 26. 11111111-
phata 388. 15. 417, 39

uix finita nomina feminina
12, 27. u. ix

1101113113 meua 459, 4

tropus 399, 12. 443, 34. 447.

111, 1111 vel tis 410. 36. 4365.
502, 3. 546, 22. tibi vel 11
546, 22

tuatim 438. 16

luha tubi 201, 11

Tuder Tudertinus Tuders
429, 21

tumultus tumulti 515, 31

turbu appellativum et pru-
prium nomen 210, 30

turdus 494, 21

Τ uria 3. 13. 7, 2. 19.?

nunna turma 198, 41 28

nanis 97. 23. 545. 5

tuetur 494, 18

tus 25, 6. 194. 31

11111111 tum 201, 17

'l' 11111113 21, 15

1111111111 anunm 199, 6

1' 49. 14. 220, 36. 25719.
367. 12. 421. 21. 475. 14.
520, 31. 0553311111 199. 12.
200. 20. 11 1111111 126, 16.
123. 16. 197. 28. 198. 5.
199, 2. 200, 131 30. 201,
17. 202, 271 39. 203. 21
61 8. 1· omissum ’111131111113
11111113 107, 17. 113. 17.
100, 14. 182, 11. 198. 8.
1911131111 197,⁶20. 199,
18: 231 27; 34. 199. 0:
14. 11113111 119. 4. 120, 19.
195, 2. 197, 30. 1111111· et
1119.11. 111 11111111131111111·
1111111111111182, 17111 1111-
clinatione 511111 122,1. 1·
1111118530. 198. 7. 199.
14: 22. 20119122. 201,
4: 9. 202. 19.-1130. 161 22.
uvel e. 119. 8. 11111 i 119.
6. 198, 4. 199. 7. 11 111 u
nu11atnn1 197, 25. 198. 41
231 28. 199, 2. 11 pru 11
197. 271 28. 198. 9. 139.
51 8. 11 vel 111. 119. 11. u
114 1· 197. 24. 199. 0: 7.
‘zu-2, 21. 11 1111111 numina
31. 23. 32. 31

‹mmwmmu

ffl9

412, 34. 440. 20. 505. 19.
548. 24. 550. 13
iupersuualin 186, 28. 381.
21. 383. 8. 38122. 385.
8. 388. 7. 437. 8. 440, 25.
549, 5. 550, 23. 554. 13
meditativa 381. 29. 41232.
505. 16. 548. 22

neuun 156. 33. 383, 5. 503.
8. 507. 4. 548. 26. 552. 33
1111111111111331111 187, 16. 383,
9*. 551. 36. 437. 13
passiva 156, 23. 383. 4.
503. 7. 507. 4. 548. 26
1111111111381, 29. 412. 35.
505. 20

11111131 11111511111113 382, 3
supina 437. 13

vergo 38. 23

111 1111111111111 146. 29
vacillo 382, 4. 550. 13
vaco vacui 164, 2
naeuus vaqnns 197. 23
vada 196, 11*
valles 26, 13
1111)111110,30
13111110 baplo 199. 14
vas vadis 19. 17. 30. 27
vasensis 19,17. 3326. 125.
29. 378, 14. 434. 12
vates 111113 198. 13
nbi 246, 22
venenis 20. 2
ve 145, 11. 146, 18. 427, 7
veho 38. 35185. 16
vello 201. 33. 567. 35
vellus 129. 1. 208. 22
venabula 196, 4
veneficus 200, 9 vermiculus 575. 24
veneralia 196. 7 1111111310. 7,1. 29. 6. 4327
Veneti lleneti 521, 15 vernaculus 1111111111111 197. 21
1111102622.11111111155433 111133 appellativum numen
1111111· 213, 3 27, 21
neutrale 584, 63 Verres proprium nomen 28.
5. 540, w. 584, 64 vern 541. 23
11.-1111131, 31. 333. 33. 111111· 319· ¹⁵· ⁶549
359⁹ 3Ι 331, 13Ι 4115ν 14ι 11311111385,19.1·1·3111·11512.
111, 13. 431, 1. 433, ⁶11. ,31 ,
50325. 548,15.1·11·1111111111 16319118 192· 8· ⁸203· Ἣ
1·οηί111111101133 33. 15. 158. lffiflffiffi 54⁷· ²5
13Ι 359, 12¹ 333, 10¹ 413. 111111113111111319720
14Ι 53110131 5132012, 101¹- velus 71. 38. 2117, 27
mu 333, 10. 381. aa 41‘1. 1’1111111111 ¹98· ‘24
⁸27¹ 505. 13Ι 543, 13Ι g... 1·11·111·.1311·11138,25
„vm 139, 21⁸ 156, 10, 359· 111113111111111 198. 25
34 333, 1· 413, 35, 5111, 1·11·11111111111198,24
3. 543, 25. 1110111549, 1 11111490· 34
111111111111111111111 548. 18 1111602211 16
affl... 136ν 13, 333, ⁴2¹ 503, vunlenua 578, 43. 580. 74
1, 5111, 4, 543, 116 1111111111 196. 10

eommunia 157‚114. 383, 11. ἰζᾝῗῃῐέἓῇ 5¹14& 3¹
..illailllgs'eln 38:121. 311331313313311
nillil. 158. 11. 333, a. *j1'¹]3‘?}'1'.¹'34's.'‚¹1{⁸· '2⁰

385, 1. 131, 3. 551, 18. llll] 3311151439
,1111113153 4, 383, m 111-1311. 1113313113. 111,

417116- 50714· 5¹⁴· 2⁹· allii: 11 11212633, 13

,54837 , 111.-11131111.113.1.>11,1
1131111111 vel translatna 186. 113111,- 133, 1Ι 111111, 33

‘23 , , 1131331133111111
111111111111111 11815- 38¹· nna01111011539125.1111»
29. 412, 36. 413, 16. 505, ,1113113311

2⁵2· 548, 19 vitulus 1111111 197. 21
1111111111111111383, 14. 437, 15. vitus 116, 22. 193, 24

554. 1 11111 pru 1111331· 444. 23
1111111111· Ι1131111111111111113333, Vizzu 11. 12

18 Vlixes 537. 6

inchoativa 157, 25. 381, 23. ullus 8136, 101. 23. 111, 31

39

 

