INDEX SCRIPTORVM 687

1311111110. 1, 37 674,8 33ΙΙ1131111311111101111111 84 642, 27
87 36, 24. 36,8 33 20312
101. 106 26, 17 642, 14
103 136, 23 106 143, 17
4, 30 431, 34 Saevus (?) in tragoedia 637, 17
6, 66 16,16 scaurus 486, 3. 636, 6. 662, 32. 660, 131 ‘
76 432, 23* 21; 26. 661, 3⁸. 662, 1
6,10 33, 22 seneca 111 Hecuba mad. 864 224,22
24 434, 22 in Hecuba Yroad. 1067 246, 13
73 36, 3 Sergius 444, 5⁸
Petronius 432, 26 Servius 436, 26
Plautus ⁷, 0Ι 00, 0, 38, ῃ, 00, 400, 10, Severus, 6311311113 rerumflomnnarum librol

131, 33. 441, 3. 133, 1. 333, 31. 343, 13. 208115, , ,
548, 3, 562, 22, 000, 14 8133111111 33110131 111313113111111 211, 28

ΡΙ3111113111 Amphitruone prol. 117 6, 32 ἓὲἷῗοῑξῗίἒῗῗέἀξί ,9ο ,1
621101,ζο 192 1ξῇ 3131131313.. 13311

capuam, 131 333, 31 41111· 1 ¹ 53519· 56629

. ,111111111111111 ⁸¹4 mist 2⁶4²1b ὅ03115

1313111130131131371,4 64213 Stoicum 12 439 22 ’
Μ3636.1112,80 423, 23. 613,1 symmach& 4338, ,ὁ
Pers. 111 3, 16 10, 13 , ,

111 Pseudulo 111 2, 28 8, 16. 26, 23 Theodora, 530, 25

,1101131113Ἧὲ ,ἐξ fil 71133061131113630, 14

³¹¹ Tm⁰⁰¹⁸⁰²⁰11¹1¹ {j ζ, ,ξξζ {⁸ Teremmnhffis' 4313511 1111111

· 113 1
11111631131101.133011.131, ¹30⁰ 51θῖ5

11· 44413· “⁷2⁵ Terentius 1501. 1111333131, 33. 333, 31·.

1311111113, 31. 430, 31. 131, 13131, 3. 533, 2⁶, 553, 23, 01013

436, 26. 436, 23. 436,11. 667, 13. Adelph, 1 1, 13 140, 31

560, 2· 3ο 43311

saumana 1, 31. 11, 13. 3ο,3; 13. 33, 31. 11 511111

31,13. 13313. 1131113311. 311, 044 11015
331331113331.111,11.133,1. 0031 3013
1333333334* 111113 31,11

1137311331ωᾶ63313,17.24,28.28,13 IV1,18 241,26
libro 11 3, 13. 21, 6. 111 secunda historia Vs, 21 30,4
7, 2. 6633 11113, 18. 1161317 22, 22. 28, 1131101116 661,12
26. 23,8 ’ 42 166,6
111 6116611113 23,23 2,7 666,12
6 14218 3,6 48330
6 12316 13 338,16
16 16,14. 2334 6,3 660,3
16 28, 27 112,28 61636
30 413,13 31 22, 24. 24,24
36 143,3 1112,4 602,33
40 160, 20 3,1 24, 26. 666,24
611,30 1762 3618
44 1248 3 10, 12
46 86,6 13 262, 23
61 126, 23 V4, 30 336,1
1313011163 1 243,1 37 212, 27
4 184, 27 [eunuch. prol. 13 74,8
inbello lugurthlno 14 266,4 12, 26 hamo
111 Iugurthino 17 248,13 2,44 143,13
31 432, 21 11 2, 26 26,24.126,33
36 36,8 182. 26
43 36, 26* 3,10 143, 17
1313031613 64 13,33 13 431,28
76 160, 26 23 23, 28

 

